1.430292686000000000e+09 1.023132000000000000e+07 7.378846700000000000e+07 6.500000000000000000e+01 3.517116522000000000e+09 8.479754900000000000e+07 1.900000000000000000e+01 3.000000000000000000e+00 3.000000000000000000e+00 3.174000000000000000e+03 0.000000000000000000e+00
1.430292686000000000e+09 1.020500000000000000e+07 7.378846700000000000e+07 6.400000000000000000e+01 2.739823319000000000e+09 8.269839000000000000e+07 1.819400000000000000e+04 1.000000000000000000e+00 1.000000000000000000e+00 2.751570000000000000e+05 0.000000000000000000e+00
1.430292686000000000e+09 1.114485100000000000e+07 7.378846700000000000e+07 5.900000000000000000e+01 2.739823319000000000e+09 7.169785100000000000e+07 9.154000000000000000e+03 6.000000000000000000e+00 6.000000000000000000e+00 4.278000000000000000e+04 0.000000000000000000e+00
1.430292686000000000e+09 1.048879500000000000e+07 7.378846700000000000e+07 8.700000000000000000e+01 4.234749580000000000e+08 7.169785300000000000e+07 7.696000000000000000e+03 2.000000000000000000e+00 2.000000000000000000e+00 1.202400000000000000e+04 0.000000000000000000e+00
1.430292686000000000e+09 1.022122800000000000e+07 7.378846700000000000e+07 2.100000000000000000e+01 3.465421387000000000e+09 8.479754900000000000e+07 2.024300000000000000e+04 4.000000000000000000e+00 4.000000000000000000e+00 5.406200000000000000e+04 0.000000000000000000e+00
1.430292686000000000e+09 1.062651100000000000e+07 7.378846700000000000e+07 7.300000000000000000e+01 3.517116522000000000e+09 7.169785200000000000e+07 3.601000000000000000e+03 4.000000000000000000e+00 4.000000000000000000e+00 6.299000000000000000e+04 0.000000000000000000e+00
1.430292686000000000e+09 1.053872600000000000e+07 7.378846700000000000e+07 9.200000000000000000e+01 3.015890445000000000e+09 8.479755000000000000e+07 2.201700000000000000e+04 3.000000000000000000e+00 4.000000000000000000e+00 1.708000000000000000e+03 0.000000000000000000e+00
1.430292686000000000e+09 1.182355600000000000e+07 7.378846700000000000e+07 8.900000000000000000e+01 4.234749580000000000e+08 8.269838900000000000e+07 1.972800000000000000e+04 1.000000000000000000e+00 1.000000000000000000e+00 2.699300000000000000e+05 0.000000000000000000e+00
1.430292686000000000e+09 1.067382000000000000e+07 7.378846700000000000e+07 9.900000000000000000e+01 1.337118930000000000e+09 8.269839000000000000e+07 2.229100000000000000e+04 1.000000000000000000e+00 1.000000000000000000e+00 2.904950000000000000e+05 0.000000000000000000e+00
1.430292686000000000e+09 1.109120900000000000e+07 7.378846700000000000e+07 4.800000000000000000e+01 1.804407701000000000e+09 7.169785300000000000e+07 1.638400000000000000e+04 2.000000000000000000e+00 2.000000000000000000e+00 1.047100000000000000e+04 0.000000000000000000e+00
1.430292686000000000e+09 1.051940700000000000e+07 7.378846700000000000e+07 4.000000000000000000e+00 1.804407701000000000e+09 8.469838400000000000e+07 5.139000000000000000e+03 1.000000000000000000e+00 1.000000000000000000e+00 8.208000000000000000e+03 0.000000000000000000e+00
1.430292686000000000e+09 1.062651100000000000e+07 7.378846700000000000e+07 7.100000000000000000e+01 3.517116522000000000e+09 7.169785000000000000e+07 7.440000000000000000e+03 2.000000000000000000e+00 2.000000000000000000e+00 3.609600000000000000e+04 0.000000000000000000e+00
1.430292686000000000e+09 1.182555600000000000e+07 7.378846700000000000e+07 5.000000000000000000e+01 1.804407701000000000e+09 8.479754900000000000e+07 2.280300000000000000e+04 1.000000000000000000e+00 1.000000000000000000e+00 2.818790000000000000e+05 0.000000000000000000e+00
1.430292686000000000e+09 1.088892000000000000e+07 7.378846700000000000e+07 4.300000000000000000e+01 1.804407701000000000e+09 8.469838400000000000e+07 2.254700000000000000e+04 1.000000000000000000e+00 1.000000000000000000e+00 6.337000000000000000e+03 0.000000000000000000e+00
1.430292686000000000e+09 1.038843900000000000e+07 7.378846700000000000e+07 4.600000000000000000e+01 1.804407701000000000e+09 7.169785100000000000e+07 2.104700000000000000e+04 6.000000000000000000e+00 6.000000000000000000e+00 5.262600000000000000e+04 0.000000000000000000e+00
1.430292686000000000e+09 1.118278200000000000e+07 7.378846700000000000e+07 1.000000000000000000e+02 3.015890445000000000e+09 7.169785300000000000e+07 1.793700000000000000e+04 2.000000000000000000e+00 2.000000000000000000e+00 1.070100000000000000e+04 0.000000000000000000e+00
1.430292686000000000e+09 1.138148200000000000e+07 7.378846700000000000e+07 2.300000000000000000e+01 3.465421387000000000e+09 8.269838800000000000e+07 2.368400000000000000e+04 1.000000000000000000e+00 1.000000000000000000e+00 8.684900000000000000e+04 0.000000000000000000e+00
1.430292686000000000e+09 1.069193600000000000e+07 7.378846700000000000e+07 9.700000000000000000e+01 3.015890445000000000e+09 7.169785000000000000e+07 1.809000000000000000e+03 2.000000000000000000e+00 2.000000000000000000e+00 2.953600000000000000e+04 0.000000000000000000e+00
1.430292686000000000e+09 1.088892000000000000e+07 7.378846700000000000e+07 7.300000000000000000e+01 3.517116522000000000e+09 7.169785200000000000e+07 1.050000000000000000e+03 4.000000000000000000e+00 4.000000000000000000e+00 6.060600000000000000e+04 0.000000000000000000e+00
1.430292686000000000e+09 1.024210000000000000e+07 7.378846700000000000e+07 4.900000000000000000e+01 1.804407701000000000e+09 8.269838800000000000e+07 2.050000000000000000e+03 1.000000000000000000e+00 1.000000000000000000e+00 7.874000000000000000e+04 0.000000000000000000e+00
4.302913380000000000e+08 1.063552800000000000e+07 7.378846700000000000e+07 1.300000000000000000e+01 3.465421387000000000e+09 8.479754900000000000e+07 6.403000000000000000e+03 3.000000000000000000e+00 3.000000000000000000e+00 2.353000000000000000e+03 0.000000000000000000e+00
1.430291338000000000e+09 1.008478900000000000e+07 7.378846700000000000e+07 5.200000000000000000e+01 2.739823319000000000e+09 8.479754900000000000e+07 6.163000000000000000e+03 3.000000000000000000e+00 3.000000000000000000e+00 1.845000000000000000e+03 0.000000000000000000e+00
1.430291338000000000e+09 1.129774600000000000e+07 7.378846700000000000e+07 4.900000000000000000e+01 1.804407701000000000e+09 8.269838800000000000e+07 5.890000000000000000e+03 1.000000000000000000e+00 1.000000000000000000e+00 9.320500000000000000e+04 0.000000000000000000e+00
1.430291338000000000e+09 1.186412700000000000e+07 7.378846700000000000e+07 3.200000000000000000e+01 9.225618070000000000e+08 7.169785000000000000e+07 1.583100000000000000e+04 2.000000000000000000e+00 2.000000000000000000e+00 3.809200000000000000e+04 0.000000000000000000e+00
1.430291338000000000e+09 1.032317600000000000e+07 7.378846700000000000e+07 4.100000000000000000e+01 1.804407701000000000e+09 8.479754900000000000e+07 2.064000000000000000e+03 1.200000000000000000e+01 1.200000000000000000e+01 2.097434370000000000e+08 0.000000000000000000e+00
1.430291338000000000e+09 2.014523300000000000e+07 7.378846700000000000e+07 7.300000000000000000e+01 3.517116522000000000e+09 7.169785200000000000e+07 1.870500000000000000e+04 4.000000000000000000e+00 4.000000000000000000e+00 6.180600000000000000e+04 0.000000000000000000e+00
1.430291338000000000e+09 1.097724300000000000e+07 7.378846700000000000e+07 3.100000000000000000e+01 9.225618070000000000e+08 7.169784900000000000e+07 3.347000000000000000e+03 5.000000000000000000e+02 5.000000000000000000e+02 8.068000000000000000e+04 0.000000000000000000e+00
1.430291338000000000e+09 1.069193600000000000e+07 7.378846700000000000e+07 3.000000000000000000e+00 3.015890445000000000e+09 7.169785200000000000e+07 2.816000000000000000e+03 4.000000000000000000e+00 4.000000000000000000e+00 7.540200000000000000e+04 0.000000000000000000e+00
1.430291338000000000e+09 1.189942100000000000e+07 7.378846700000000000e+07 1.500000000000000000e+01 3.465421387000000000e+09 7.765798300000000000e+07 2.075200000000000000e+04 1.000000000000000000e+00 1.000000000000000000e+00 2.097285330000000000e+08 0.000000000000000000e+00
1.430291338000000000e+09 1.188819000000000000e+07 7.378846700000000000e+07 5.400000000000000000e+01 2.739823319000000000e+09 8.469798300000000000e+07 5.138000000000000000e+03 1.200000000000000000e+01 1.200000000000000000e+01 4.097463060000000000e+08 0.000000000000000000e+00
1.430291338000000000e+09 1.138148200000000000e+07 7.378846700000000000e+07 8.800000000000000000e+01 4.234749580000000000e+08 8.269838800000000000e+07 3.330000000000000000e+03 1.000000000000000000e+00 1.000000000000000000e+00 6.271682280000000000e+08 0.000000000000000000e+00
1.430291338000000000e+09 1.175479400000000000e+07 7.378846700000000000e+07 2.000000000000000000e+00 3.015890445000000000e+09 8.269838900000000000e+07 4.355000000000000000e+03 1.000000000000000000e+00 1.000000000000000000e+00 2.714590000000000000e+05 0.000000000000000000e+00
1.430291338000000000e+09 1.171135000000000000e+07 7.378846700000000000e+07 8.500000000000000000e+01 4.234749580000000000e+08 8.479754900000000000e+07 2.329900000000000000e+04 6.000000000000000000e+00 6.000000000000000000e+00 4.007800000000000000e+04 0.000000000000000000e+00
1.429615067000000000e+09 1.135859900000000000e+07 7.378846700000000000e+07 3.100000000000000000e+01 9.225618070000000000e+08 7.169784900000000000e+07 5.634000000000000000e+03 1.300000000000000000e+01 8.000000000000000000e+00 8.049100000000000000e+04 0.000000000000000000e+00
1.429615067000000000e+09 1.042688900000000000e+07 7.378846700000000000e+07 1.000000000000000000e+01 1.337118930000000000e+09 8.269838800000000000e+07 2.201600000000000000e+04 7.000000000000000000e+00 6.000000000000000000e+00 7.274200000000000000e+04 0.000000000000000000e+00
1.429615067000000000e+09 1.093376600000000000e+07 7.378846700000000000e+07 0.000000000000000000e+00 1.337118930000000000e+09 8.479754900000000000e+07 2.228800000000000000e+04 1.100000000000000000e+01 3.000000000000000000e+00 3.034000000000000000e+03 0.000000000000000000e+00
1.430291338000000000e+09 1.020500000000000000e+07 7.378846700000000000e+07 1.200000000000000000e+01 1.337118930000000000e+09 8.269839000000000000e+07 2.684582580000000000e+08 1.000000000000000000e+00 1.000000000000000000e+00 2.910770000000000000e+05 0.000000000000000000e+00
1.430291338000000000e+09 1.198648300000000000e+07 7.378846700000000000e+07 3.900000000000000000e+01 1.804407701000000000e+09 8.479754900000000000e+07 4.353000000000000000e+03 3.000000000000000000e+00 3.000000000000000000e+00 2.111000000000000000e+03 0.000000000000000000e+00
1.430291338000000000e+09 1.156640300000000000e+07 7.378846700000000000e+07 1.300000000000000000e+01 3.465421387000000000e+09 8.479754900000000000e+07 2.152200000000000000e+04 3.000000000000000000e+00 3.000000000000000000e+00 3.060000000000000000e+02 0.000000000000000000e+00
1.430291338000000000e+09 1.177296600000000000e+07 7.378846700000000000e+07 3.000000000000000000e+00 1.337118930000000000e+09 8.469798300000000000e+07 1.640200000000000000e+04 3.300000000000000000e+01 3.300000000000000000e+01 2.219000000000000000e+03 0.000000000000000000e+00
1431000487 10583770 73788467 14 3465421387 84797550 258 3 3 3349 1
1431000487 11754794 73788467 63 2739823319 82698389 2816 1 1 269416 1
1431000487 11461284 73788467 10 1337118930 82698388 21251 1 1 86316 1
1431000487 10204119 73788467 3 1337118930 84697983 21777 33 33 40654375 1
1431000487 11657743 73788467 16 3465421387 84697983 272 33 33 40639214 1
1431000487 11678819 73788467 65 3517116522 84797549 5890 3 3 1916 1
1431000487 11977817 73788467 87 423474958 71697853 4609 2 2 11146 1
1431000487 10624728 73788467 42 1804407701 84697983 16402 33 33 40652728 1
1431000487 11823763 73788467 95 3015890445 84698384 16913 1 1 17050 1
1431000487 10203085 73788467 74 3517116522 71697853 16386 2 2 10162 1
1431000487 10203085 73788467 98 3015890445 71697851 24337 6 6 44892 1
1431000487 10169999 73788467 23 3465421387 82698388 6914 1 1 93428 1
1431000487 10519407 73788467 85 423474958 71697851 22528 7 6 45791 1
1431000487 10673820 73788467 77 3517116522 82698390 2066 1 1 269917 1
1431000487 10061910 73788467 19 3465421387 71697850 20993 2 2 17234 1
1431000487 11888190 73788467 43 1804407701 84698384 20737 1 1 27809 1
1431000487 10365819 73788467 28 922561807 77657983 2306 12 12 209717953 1
1431000487 10773089 73788467 80 423474958 77657983 18706 12 12 209720098 1
1431000487 11602771 73788467 62 2739823319 82698388 7680 1 1 95485 1
1431000487 11823556 73788467 89 423474958 82698389 17665 1 1 285080 1
1431000488 11017085 73788467 98 3015890445 71697851 17920 7 6 33151 1
1431000488 11344347 73788467 66 3517116522 84797550 257 3 3 4054 1
1431000488 11006385 73788467 15 3465421387 77657983 18433 12 12 209741074 1
1431000488 11381482 73788467 62 2739823319 82698388 19202 1 1 74456 1
1431000488 11097355 73788467 28 922561807 77657983 6658 12 12 209738991 1
1431000488 10383648 73788467 71 3517116522 71697850 5648 2 2 31755 1
1431000488 11825556 73788467 89 423474958 82698389 19201 1 1 282986 1
1431000488 11825556 73788467 102 3015890445 82698389 2563 1 1 281946 1
1431000488 11119144 73788467 26 922561807 84797549 17923 3 3 3613 1
1431000488 10888920 73788467 21 3465421387 71697852 24067 4 4 57398 1
1431000488 11754794 73788467 37 922561807 82698389 17171 1 1 272119 1
1431000488 10546004 73788467 93 3015890445 77657983 18192 12 12 209739470 1
1431000488 11823556 73788467 37 922561807 82698389 16899 1 1 284553 1
1431000488 11396499 73788467 55 2739823319 84697983 6163 33 33 40645694 1
1431000488 11767531 73788467 51 1804407701 82698390 19473 1 1 269175 1
1431000488 11451128 73788467 71 3517116522 71697850 5378 2 2 24053 1
1431000488 11754794 73788467 24 3465421387 82698389 6659 1 1 284963 1
1431000488 10383535 73788467 68 3517116522 84697983 19984 34 33 40652020 1
1431000488 11709500 73788467 9 1337118930 71697853 1553 2 2 8870 1
1431000488 10099180 73788467 92 3015890445 84797550 6930 3 3 3280 1
1431000488 10173286 73788467 77 3517116522 82698390 20498 1 1 275474 1
1431000488 11754794 73788467 50 1804407701 82698389 4883 1 1 264389 1
1431000488 10635528 73788467 7 1337118930 71697851 22291 7 6 47812 1
1431000488 10635528 73788467 30 922561807 84698384 5633 1 1 1300 1
1431000488 10532393 73788467 40 1804407701 84797550 20992 3 3 1559 1
1431000488 11234804 73788467 83 423474958 71697849 5393 5 5 77022 1
1431000488 11171736 73788467 71 3517116522 71697850 18961 2 2 18320 1
1431000488 11091209 73788467 22 3465421387 71697853 24339 2 2 10578 1
1431000488 11091209 73788467 69 3517116522 84698384 5907 1 1 32052 1
1431000488 11451128 73788467 22 3465421387 71697853 6672 2 2 9788 1